0.26335957167782015
0.27675759275498474
0.2669665063932411
0.20542829447507888
0.24044363634993648
0.20526542934135789
0.20309370089211734
0.24610892357528136
0.20777402373883702
0.21350280673599142
0.21941659970352445
0.204501273484047
0.22211620596166565
0.2135630359086544
0.2131543639851529
0.21777542760391527
0.21543679576460684
0.2263366495024562
0.22003709654692272
0.2898495137640258
0.2973192006480211
0.28486659242412876
0.3073856676646881
0.2762911122416305
0.32674035358871556
0.25135933884062933
0.3198167296818769
0.3190965429935798
0.3035074480759624
0.3043030031207018
0.3030348235864842
0.30203886543795994
0.28805650351744827
0.2982707713357887
0.2921020785506287
0.2866424555530944
0.3091011737096157
0.2940805215650444
0.30728918757450724
0.3119899168874347
0.2989298699123242
0.2999311294928968
0.31413225545428075
0.33283084723247375
0.29737262558594246
0.3230955011478655
0.2929884164355115
0.2948061350336849
0.323198796690814
0.22527442190458097
0.32309140051120605
0.36897471695079453
0.3577930576046926
0.339708535637368
0.3282828385258387
0.3566211324586017
0.36664234656246397
0.330554737964762
0.34669179745353723
0.34088655541225305
0.3321686402706334
0.353192349998632
0.35649907509537326
0.3376619606603022
0.36201137959911256
0.23111678866165447
0.2717676852321379
0.23503468596754823
0.23616364600144274
0.2518225717488738
0.2467067405923477
0.24310603652409302
0.2395650829067857
0.23115507273554592
0.26297476841110334
0.2498507938954851
0.23981634232722646
0.24518801832000992
0.2389429841973124
0.25428912002687676
0.2611130963292655
0.2331645248205099
0.188969244541917
0.24230067778515763
0.2747950052317289
0.2628437404953517
0.2487157461298542
0.24420264790527718
0.2384115098857647
0.24347744493325316
0.20131344544123486
0.2068050611675707
0.22417847227787285
0.22758535012800207
0.25724115708715634
0.2297822983470355
0.24569584535433286
0.22339931261217988
0.20752932977567695
0.19697769060892
0.187600948389638
0.2268721757421793
0.22547397007756548
0.2290736531212237
0.22727914276203215
0.2550753970056353
0.23270707637733362
0.22246150224975775
0.22995903342163052
0.2264099872169843
0.2301207580728076
0.23853888259123765
0.18181115146748011
0.19039888526550444
0.21522548907721517
0.249641512245905
0.23087205109045944
0.2624951874435193
0.27121513671075104
0.2865802397241082
0.2836577924864836
0.2847577957171543
0.28560798745670407
0.3011631041016524
0.2884652359343721
0.29739743970859095
0.30043045919272077
0.2979175843356345
0.30977490063730606
0.32123733899385887
0.30417754758242743
0.3402297088049341
0.31465061257308213
0.28933401016898097
0.2917507461522881
0.2793284536498364
0.28157866353387156
0.301057781339758
0.2809717521591094
0.2820349509756396
0.2695954834220272
0.28241416451648427
0.3293601447132053
0.33891311796810875
0.32570240637369097
0.3094232062172367
0.32789257410683254
0.3481101590910165
0.3170995413301283
0.32743115016282653
0.34121965315902547
0.35860894925217807
0.361561432682349
0.33952266590101665
0.26369747388713893
0.3341907613814056
0.3294600514841748
0.32620692585336053
0.30550089506369577
0.30419297286853786
0.2739136910498674
0.20695021554463122
0.21370214436826934
0.2535574727977904
0.24876976892511787
0.24633803710843893
0.21750913591572454
0.24379899721230508
0.23509374869964036
0.280811472013578
0.2858494817318669
0.28807903997095785
0.2744052116897181
0.3122782608809723
0.3251806191850102
0.32314595240905264
0.3345795394485924
0.33162950848289074
0.3359693007927629
0.3355556708332215
0.21684050894851536
0.2396937432572585
0.25478144553358223
0.26635103929295756
0.2222260602819803
0.24617380931073468
0.24218867473319877
0.24725176845895158
0.24857904934938735
0.25126966657803695
0.2729284690106255
0.2401593275671179
0.1998289413789721
0.2926636850632795
0.3380536562524301
0.34186258527634894
0.3448993128480601
0.3493557521401728
0.34914555490485655
0.35302952432498513
0.30064813533271295
0.34973497781754226
0.39504412027359814
0.40081280614954246
0.385108336880942
0.3859185194690202
0.38953955937692586
0.38691557148539374
0.3749061038634165
0.3808328898959129
0.39756728624418824
0.3985489566488789
0.39970746501027943
0.3774762841469992
0.38456214527423827
0.34396799860472244
0.21636140733175413
0.24882595609787064
0.25896322900423097
0.25517573919500686
0.2585913183649061
0.24293493633886193
0.2685614485164306
0.24953878370116292
0.23822749972559346
0.2631865369025435
0.25672622155292324
0.23105634660895863
0.3380570717569685
0.33952029760169533
0.35158834240912074
0.3624798186037294
0.363633670498813
0.36051942894203126
0.3734168116994154
0.3663320851359038
0.37821542834211075
0.37093993805469905
0.366953979555091
0.3597359147989096
0.3751441018053516
0.357522890320669
0.34827754142021794
0.36001586712497236
0.3623329362276647
0.36557698443310127
0.36197696639987503
0.32781830118757155
0.3071287549735112
0.3344456627436574
0.35140474544759764
0.3392946631313959
0.3084532925212371
0.2810583309450059
0.22690999837613984
0.24069001976577614
0.2464564475203367
0.21809561205466937
0.2341948940884735
0.2137798886114759
0.20401424159499004
0.2278931228446986
0.20382069068956887
0.2047698551789338
0.2601867768190135
0.3159994369194131
0.323858307751943
0.3146006588041649
0.31346169809591307
0.3325167250903847
0.3296243647431867
0.23113098623483708
0.2149463924028776
0.22284079316406635
0.27482285202376466
0.26759561700715484
0.2934941227800937
0.2711657007563741
0.2822773481666826
0.2927113993532492
0.30419594500458713
0.2827009757893402
0.29643047625190566
0.29449132701994063
0.22289919125427093
0.2909481210726734
0.3268062951896834
0.3360083594840245
0.35258657880166133
0.27096716409045574
0.2858794199059602
0.3263411907547373
0.3254122505125884
0.35146849897999755
0.21561382992773664
0.24129299090699124
0.24718903989053526
0.2568167944939277
0.3329777184991902
0.2806901380050726
0.18443566680454154
0.1710262549413493
0.28970192744328244
0.35536885806620944
0.3699723233489406
0.362730866778962
0.3546879987142233
0.35613018446643474
0.355837677924687
0.35008623241438785
0.34079574354537934
0.32891418697252167
0.3358402672728097
0.3543179583918985
0.22983832849207636
0.22273876167084497
0.23505044343956535
0.23625117241568278
0.22673986139325253
0.23767497467590473
0.2661411701971359
0.23791277431340974
0.2666483516137036
0.24816628842977906
0.25666675707249526
0.26672675541336666
0.27599219754541426
0.264863651168685
0.2661238395335571
0.22079719229549327
0.22663932798265973
0.22097954198852082
0.227628154306021
0.22765297679858154
0.22883439510672163
0.24651465522977672
0.23179793275023147
0.2304107822125827
0.22215588680951254
0.22731909380367044
0.22821160674042074
0.21656498239562674
0.2298231586054432
0.2415452584356272
0.2329908301029142
0.21551565177594326
0.20957570862621228
0.2452030651547506
0.260240108114424
0.2669252483681067
0.29017894469887806
0.2754247476031547
0.28823073123910264
0.27615850357369265
0.24578888958702805
0.22608736913911492
0.21442550909977565
0.22750726241395175
0.2602433435551806
0.2335819710324923
0.3196047348752399
0.34860287108552035
0.3610575667264657
0.3514180620193636
0.36735182621151674
0.3536131791085371
0.22438084779233014
0.29021248018329604
0.27149562368263913
0.3049256024097239
0.312103933363992
0.30548917273683296
0.3050151603696371
0.3162114704164681
0.31164377850299274
0.3301672783440123
0.34637220253908296
0.28453677775248565
0.3243657362747193
0.32356932860521037
0.34753969972480175
0.22927412669624014
0.32183095956655294
0.29851170815520445
0.3429689067448641
0.2836388296992551
0.2618230976340857
0.27567922046852056
0.2957236557339772
0.29359943172343617
0.2760856042788705
0.27176684559245756
0.24958371833941265
0.2613885994257756
0.23535431189489361
0.24074745539789075
0.24124829822927074
0.21456849451950677
0.22655224946977745
0.24338324964387145
0.2734005353956153