0.2684216821787436
0.2868485188433028
0.2713650096850649
0.20363226126880718
0.2389569647349411
0.20532560445460338
0.2009560054261528
0.254220561514348
0.21328998788737089
0.21328998788737089
0.22511757382243694
0.21009528895575053
0.23048807076914604
0.21682922003657812
0.2211034737421934
0.22214998086006765
0.21744404390294073
0.23078447621231443
0.22667331874608257
0.29521626890736186
0.2980282318045168
0.2947713713373675
0.3328872317409774
0.2851915591491251
0.3538554439508812
0.2580441840796954
0.33135675230376294
0.33135675230376294
0.3128427774191696
0.3190015281004162
0.3202077729596067
0.3147838682149468
0.2997236132815683
0.31622776601683794
0.3070191276459874
0.30152232507509447
0.3148035904038712
0.3109760136748188
0.3201445449309941
0.32921851687239545
0.3109760136748188
0.3190015281004162
0.3301737043624324
0.3477001948619262
0.3180883613443133
0.3517571720777106
0.31414957636749685
0.30375039585400804
0.3372319609670352
0.23138546797763418
0.3336207871666139
0.39039755716004015
0.37350447969663286
0.35507390523977833
0.35100840025057783
0.3859787453173227
0.3912030576121757
0.3458518295794331
0.3691454236686588
0.35684649595364326
0.35684649595364326
0.3823894084456501
0.38299914577878064
0.3570727947866866
0.3790013257438475
0.23430366645852005
0.2840157616667375
0.23807442360441528
0.24033234367220435
0.2622584723760036
0.2481210589614803
0.250199269355417
0.242922648117142
0.23985531130448232
0.2711310405918535
0.254221991496996
0.242922648117142
0.2449372009983349
0.24629823994424777
0.2626128657194451
0.28083952153678693
0.24796768937622415
0.20471181630775717
0.24796768937622415
0.2748560560154793
0.27568654913021606
0.25635130203318207
0.24796768937622415
0.24089023172686885
0.25843181617229
0.2078343050304469
0.2136033487626208
0.23090355701428047
0.24253562503633297
0.2683281572999747
0.24612561670518746
0.26436942644434874
0.23985531130448232
0.2262111800527132
0.20843558377927726
0.1985736985776968
0.24680103756448116
0.23750896016624745
0.23048573037869893
0.2398377032365956
0.26501941267279666
0.24680103756448116
0.23518021709589934
0.24022214974061917
0.25139378125226003
0.25
0.25001411963778397
0.21222232171065225
0.2110927733465405
0.23430366645852005
0.27638835211009377
0.2521742129910112
0.27750690380138765
0.2969506771275279
0.308691571680581
0.3032371655111505
0.31536635045343964
0.31181560935001607
0.3300575709804098
0.31375242652683094
0.3225847387983253
0.322328212352709
0.31731313050326787
0.3318397912529833
0.33719434266681314
0.33901509954723497
0.36223116575251485
0.32320962725643965
0.3048383193251339
0.3046163323192285
0.28991422871764566
0.29441464848571597
0.3149240114027358
0.2932008257361916
0.290029427577034
0.2700800213149116
0.29078785465872337
0.31709252756181827
0.3201220268951257
0.32461976070659354
0.30366433773185086
0.31777689533411524
0.33553662431955933
0.3013165045477775
0.3143383749470518
0.3293811717817841
0.34555635913108795
0.34743738312601796
0.3312241241260395
0.25029744168371604
0.31875
0.31865043729258913
0.316682071697817
0.3046287585137937
0.31020179771997425
0.26656695551017295
0.21042264274736167
0.21472946649926553
0.24983119205775822
0.252722214753688
0.252722214753688
0.21623628909148898
0.24973201812956985
0.23200367031207864
0.2749558862281988
0.28212566445052717
0.28212566445052717
0.2717107189667792
0.3112179004048715
0.32677880614727645
0.3192655033206211
0.33944885754109744
0.3347670317059931
0.33291903676008605
0.33435095320377717
0.2277586719230751
0.24933933932140975
0.25579397058136083
0.27489097919848077
0.22888189815807494
0.2549881539464042
0.24811459416736203
0.25070959961728567
0.25027050794112854
0.2527494674409866
0.2753963337983596
0.25027050794112854
0.1998188642299832
0.28726063631763754
0.34052392537860127
0.33826243114216203
0.35027231049196694
0.35132698622187364
0.3453634163964644
0.35268017268411767
0.3060483334711442
0.3460910796692318
0.3909651630297975
0.40036598391227485
0.38954169301742675
0.38954169301742675
0.39078516475570585
0.3880010502658021
0.37544844980574693
0.38384852959085564
0.40454372004119593
0.40203719484308686
0.4043542115658878
0.38386235251892215
0.3893456231820544
0.34304703246780544
0.22980405489229627
0.2532997816934445
0.26311219449599726
0.25873019442259787
0.25873019442259787
0.24255139912581566
0.2760805597674125
0.2658121220381356
0.24028198432529743
0.27192197588695854
0.25831215363201215
0.2423827404540409
0.3383223521160535
0.34052392537860127
0.35771394540770557
0.37158076124160616
0.3659836371938891
0.36366009384921083
0.3771948375982131
0.3696094473873204
0.38439349248042287
0.37003395328774
0.3696094473873204
0.3620930655629675
0.37786675677337217
0.35061898075542103
0.35058368636019405
0.3621117875861099
0.3647779248626584
0.37448121068184126
0.36406598520707906
0.3310031542953974
0.3030396095421509
0.3352563305053832
0.3498817974819466
0.3362511995390969
0.3099703990336003
0.2850106222761337
0.2407067081896943
0.24811459416736203
0.2549881539464042
0.2205223517381977
0.23923481620277945
0.22231630350406875
0.20886833691709167
0.23901203013711922
0.2131698946577443
0.21359307111885162
0.2595411346557014
0.3125929721756194
0.3251164999760532
0.3169408729771712
0.3181646683212512
0.33872198298571216
0.33206326789243285
0.2357484112350603
0.21031503157438317
0.2234257989970896
0.2665952989399978
0.2539982893638001
0.2799038552962013
0.2557794416561611
0.26398306667195176
0.27141642934434673
0.28895752122817153
0.26899630701296406
0.2884146364574087
0.2782223151180412
0.226458630557689
0.28305040510753154
0.3289791422996211
0.33602417403989115
0.3498279792717519
0.26371951511293934
0.2850685828699285
0.3180745417734481
0.31773906227167603
0.3493156621145233
0.220195909106176
0.23710155733109492
0.24372987039078292
0.2597402597402597
0.33784954866453815
0.28726730357176405
0.17453152228851704
0.1671239530373396
0.27907735140649215
0.36043837228977776
0.3695493116799932
0.3581377426921378
0.35431441194854185
0.35565277886369734
0.3559178218888055
0.35309561676839923
0.3444692415577143
0.3389257878285044
0.3288101876124053
0.35909079396492494
0.22896420069167145
0.22672321014036545
0.24575208776106766
0.24228505616693882
0.2264414181932551
0.24371083252448703
0.2681885633160847
0.24676543615608662
0.2759791369717377
0.24914657921569344
0.25816978598811835
0.2693597337485462
0.27992269650971574
0.266009235336059
0.2681925214229227
0.22644743572350462
0.22716813101120503
0.22900957317228732
0.2372537682506572
0.23071561759390619
0.23225446332758456
0.25226931298090843
0.23506802379996203
0.23540723753930673
0.2256504170796588
0.23225446332758456
0.22896420069167145
0.21554630989327597
0.22531374464267426
0.24211520739313153
0.23894335561257846
0.21383919033055115
0.21125493600430076
0.24964613283085624
0.2614061257133342
0.2696362967626612
0.29461170061764586
0.2722347296865356
0.28749637424406954
0.28139772867296386
0.2508427404731303
0.22696388482653446
0.22019173560584304
0.23415147267821046
0.2655350969539903
0.23598581041985572
0.3196187806701697
0.3414888472861516
0.35800565721425204
0.3573733846281913
0.369917205347139
0.3631333475353692
0.23079326934190114
0.29401536406648227
0.2767996553920534
0.31677575364463406
0.31880710036110427
0.3136482909079767
0.3086900418198737
0.33089903253774294
0.31897168847947693
0.32650829338685666
0.3501486563740908
0.29435869233745865
0.3359529970218552
0.3412457909999084
0.3593693262844903
0.24312234658545714
0.32887524200894247
0.2951921683969081
0.34433650502578217
0.2996526371453918
0.2719219758869585
0.28052510760370775
0.3005105687593797
0.3220728986898745
0.27556160553482706
0.272833653069395
0.26232559067055977
0.2797355652483619
0.2622190301458487
0.24218487108313916
0.26531047507700684
0.22701580215951672
0.24698885147260746
0.25213028804883647
0.29942473580817114
