0.25829746117689667
0.26666666666666666
0.2625680031014173
0.20722432768135055
0.2419303079649319
0.20520525422811237
0.20523139635808188
0.23799728563621472
0.20225805959030319
0.21371562558461193
0.21371562558461193
0.19890725801234352
0.21374434115418522
0.21029685178073063
0.20520525422811237
0.2134008743477629
0.21342954762627292
0.22188882279259792
0.2134008743477629
0.28448275862068967
0.2966101694915254
0.27496181351089
0.28188410358839877
0.26739066533413586
0.2996252632265499
0.2446744936015633
0.30827670705999083
0.30683633368339663
0.29417211873275523
0.28960447814098744
0.28586187421336173
0.28929386266097307
0.27638939375332816
0.28031377665473955
0.27718502945527
0.27176258603109443
0.30339875701536023
0.27718502945527
0.2944338302180204
0.29476131690247404
0.2868837261498296
0.28086073088537744
0.29809080654612913
0.3179614996030213
0.2766568898275717
0.2944338302180204
0.2718272565035261
0.28586187421336173
0.30916563241459283
0.21916337583152778
0.3125620138557982
0.34755187674154897
0.3420816355127523
0.3243431660349577
0.3055572768010997
0.3272635195998807
0.3420816355127523
0.3152576463500908
0.32423817123841564
0.32492661487086283
0.30749078458762363
0.32399529155161394
0.32999900441196584
0.31825112653391774
0.3450214334543776
0.2279299108647889
0.2595196087975384
0.23199494833068116
0.23199494833068116
0.24138667112174406
0.24529242222321515
0.23601280369276909
0.2362075176964294
0.22245483416660955
0.25481849623035324
0.24547959629397423
0.2367100365373109
0.24543883564168495
0.23158772845037703
0.2459653743343084
0.24138667112174406
0.21836136026479563
0.17322667277607678
0.23663366619409112
0.2747339544479785
0.25000093186048733
0.24108019022652635
0.24043760643433018
0.23593278804466053
0.22852307369421632
0.19479258585202283
0.2000067735725206
0.21745338754146526
0.21263507521967118
0.246154156874338
0.21343897998888353
0.22702226426431701
0.20694331391987744
0.1888474794986407
0.18551979743856276
0.1766281982015792
0.20694331391987744
0.21343897998888353
0.2276615758637485
0.21472058228746874
0.24513138133847395
0.21861311519018606
0.20974278740361618
0.21969591710264186
0.2014261931817086
0.2102415161456152
0.22706364554469133
0.151399981224308
0.16970499718446838
0.1961473116959103
0.22289467238171623
0.20956988918990768
0.24748347108565094
0.24547959629397423
0.2644689077676354
0.26407841946181665
0.25414924098086894
0.2594003655633921
0.27226863722289507
0.2631780453419133
0.2722101406188566
0.27853270603273256
0.2785220381680011
0.2877100100216289
0.30528033532090454
0.2693399956176199
0.31822825185735326
0.3060915978897246
0.2738297010128281
0.27888515998534763
0.26874267858202716
0.26874267858202716
0.2871915512767803
0.26874267858202716
0.2740404743742451
0.2691109455291429
0.2740404743742451
0.34162776186459226
0.35770420904109174
0.3267850520407884
0.3151820747026225
0.33800825287954983
0.3606836938624736
0.3328825781124792
0.34052392537860127
0.35305813453626683
0.3716615393732682
0.3756854822386801
0.34782120767599384
0.2770975060905619
0.3496315227628112
0.3402696656757604
0.335731780008904
0.30637303161359786
0.2981841480171015
0.2812604265895618
0.2034777883419008
0.2126748222372732
0.2572837535378226
0.24481732309654775
0.23995385946318987
0.2187819827399601
0.2378659762950403
0.2381838270872021
0.2866670577989572
0.28957329901320666
0.2940324154913885
0.27709970441265697
0.31333862135707313
0.32358243222274397
0.3270264014974842
0.32971022135608735
0.3284919852597884
0.33901956482543977
0.33676038846266587
0.20592234597395564
0.23004814719310726
0.25376892048580363
0.2578110993874343
0.21557022240588566
0.2373594646750652
0.23626275529903554
0.24379393730061746
0.24688759075764616
0.24978986571508732
0.27046060422289137
0.23004814719310726
0.199839018527961
0.29806673380892146
0.33558338712625896
0.3454627394105359
0.33952631520415316
0.34738451805847187
0.3529276934132487
0.35337887596585266
0.2952479371942818
0.35337887596585266
0.3991230775173987
0.40125962838681006
0.3806749807444572
0.3822953459206137
0.38829395399814587
0.38583009270498536
0.374363757921086
0.3778172502009702
0.39059085244718056
0.395060718454671
0.395060718454671
0.3710902157750762
0.3797786673664221
0.34488896474163944
0.20291875977121202
0.24435213050229676
0.2548142635124647
0.25162128396741584
0.2584524423072144
0.24331847355190817
0.2610423372654487
0.23326544536419025
0.23617301512588948
0.2544510979181285
0.2551402894738344
0.21972995276387633
0.33779179139788346
0.33851666982478934
0.3454627394105359
0.35337887596585266
0.3612837038037369
0.3573787640348517
0.36963878580061765
0.36305472288448726
0.37203736420379857
0.3718459228216581
0.36429851172286165
0.3573787640348517
0.3724214468373311
0.3644267998859169
0.34597139648024183
0.35791994666383486
0.359887947592671
0.3566727581843612
0.359887947592671
0.3246334480797457
0.3112179004048715
0.3336349949819316
0.3529276934132487
0.34233812672369496
0.30693618600887385
0.2771060396138781
0.21311328856258538
0.23326544536419025
0.23792474109426925
0.21566887237114107
0.22915497197416757
0.20524347371888305
0.1991601462728884
0.21677421555227797
0.19447148672139344
0.195946639239016
0.2608324189823256
0.3194059016632069
0.3226001155278329
0.3122604446311586
0.3087587278705749
0.32631146719505727
0.3271854615939406
0.22651356123461386
0.21957775323137205
0.22225578733104315
0.28305040510753154
0.28119294465050954
0.307084390263986
0.28655195985658705
0.3005716296614134
0.31400636936215165
0.3194343687810028
0.2964056445657164
0.30444631604640254
0.31076033892184
0.21933975195085287
0.29884583703781525
0.3246334480797457
0.33599254492815794
0.35534517833157075
0.2782148130679721
0.28669025694199196
0.3346078397360264
0.33308543875350066
0.35362133584547184
0.21103175074929728
0.2454844244828876
0.2506482093902876
0.2538933292475957
0.32810588833384224
0.27411297243838106
0.19433981132056605
0.174928556845359
0.3003265034800727
0.3502993438426411
0.370395335017888
0.3673239908657862
0.3550615854799048
0.3566075900691722
0.3557575339605685
0.34707684806037653
0.3371222455330443
0.31890258611653893
0.3428703469332141
0.349545122818872
0.2307124562924813
0.2187543132013245
0.22434879911806305
0.23021728866442676
0.22703830459324992
0.23163911682732244
0.2640937770781871
0.22906011247073288
0.2573175662556694
0.24718599764386467
0.25516372815687216
0.2640937770781871
0.2720616985811128
0.26371806700131095
0.2640551576441916
0.21514694886748195
0.22611052495411443
0.21294951080475433
0.2180025403613848
0.22459033600325687
0.2254143268858587
0.240759997478645
0.2285278417005009
0.2254143268858587
0.21866135653936628
0.22238372427975628
0.22745901278917002
0.2175836548979775
0.23433257256821213
0.2409753094781229
0.22703830459324992
0.21719211322133536
0.20789648124812382
0.240759997478645
0.2590740905155138
0.26421419997355217
0.28574618878011027
0.2786147655197738
0.28896508823413575
0.27091927847442143
0.2407350387009258
0.22521085345169536
0.20865928259370828
0.22086305214969307
0.25495159015637087
0.2311781316451289
0.31959068908031013
0.35571689488488917
0.36410947623867934
0.3454627394105359
0.36478644707589447
0.34409301068170506
0.21796842624275914
0.2864095963001098
0.2661915919732248
0.2930754511748137
0.3054007663668797
0.2973300545656893
0.3013402789194005
0.3015239082951932
0.3043158685265086
0.333826263301168
0.34259574870407505
0.2747148631675127
0.3127784755275835
0.30589286621051237
0.3357100731651132
0.21542590680702317
0.3147866771241634
0.30183124791350074
0.341601308463946
0.26762502225311835
0.25172421938121287
0.2708333333333333
0.29093674270857467
0.2651259647569979
0.27660960302291404
0.27070003811552007
0.23684184600826552
0.24304163360318926
0.20848959364393854
0.23931003971264234
0.21718612138153467
0.20212118687949682
0.20611564746694744
0.23463621123890643